4.619 24.7 -0.3071
28.89 30 0.5236
0.706 17.83 0.2093
5.144 29.9 -0.2146
14.16 30 0.5236
13.96 30 0.5236
15.75 26.81 -0.1534
27.01 30 -0.5236
14.09 30 0.5236
2.753 11.82 -0.1062
22.02 30 0.5236
13.62 30 0.5236
8.041 30 0.3645
23.3 30 0.3261
20.75 30 0.5236
23.67 30 0.007139
19.41 30 -0.2388
10.07 30 -0.5092
20.84 30 0.5236
7.941 30 0.3894
23.6 30 0.09219
10.74 30 -0.5236
5.374 30 -0.1556
13.15 30 0.5236
13.44 30 0.5236
27.68 30 -0.1125
5.551 28.91 -0.08634
3.558 14.53 -0.269
20.22 30 0.5236
13.37 30 0.5236
5.464 29.8 -0.1222
9.376 30 -0.2155
10.68 30 -0.5236
19.78 30 0.2366
23.54 30 0.1732
10.86 30 -0.5236
21.24 30 0.5236
16.17 29.13 -0.4698
25.49 30 -0.5236
4.87 27.06 -0.2799
15.53 27.44 0.008401
30.06 30 0.5236
17.4 30 -0.5236
20.39 30 0.5236
16.63 26.27 -0.5236
5.045 29.15 -0.2397
17.67 30 -0.5236
24.57 30 -0.5236
16.42 26.4 -0.5236
21.88 30 0.5236
12.78 30 0.4719
0.2344 16.39 0.2012
21.49 30 0.5236
12.67 30 0.4164
27.56 30 -0.2053
18.29 30 -0.5236
25.61 30 -0.5236
11.86 30 -0.1067
28.81 30 0.5236
3.17 12.12 -0.1858
10.23 30 -0.5236
3.304 12.85 -0.222
26.91 30 -0.5236
29.37 30 0.5236
4.243 20.35 -0.3254
17.94 30 -0.5236
4.449 22.43 -0.3219
19.49 30 -0.1498
0.9977 18.83 0.1997
26.57 30 -0.5236
8.502 30 0.2332
8.39 30 0.2703
9.21 30 -0.1031
25.18 30 -0.5236
26.5 30 -0.5236
28.37 30 0.5236
19.27 30 -0.4096
8.279 30 0.3047
11.22 30 -0.4563
26.09 30 -0.5236
2.586 12.33 -0.06486
13.91 30 0.5236
11.54 30 -0.3232
3.717 15.96 -0.294
24.77 30 -0.5236
19.08 30 -0.5236
20.63 30 0.5236
2.431 13.25 -0.02371
17.82 30 -0.5236
7.694 30 0.4388
15.17 28.31 0.3084
7.763 30 0.4268
19.72 30 0.1377
28.01 30 0.1858
27.79 30 -0.01582
29.23 30 0.5236
6.564 27.17 0.2977
1.758 17.37 0.09101
10.96 30 -0.5217
2.143 14.52 0.01644
17.56 30 -0.5236
3.659 15.22 -0.2823
9.842 30 -0.4076
12.08 30 0.02059
3.384 13.34 -0.2388
13.22 30 0.5236
21.09 30 0.5236
29.66 30 0.5236
26.7 30 -0.5236
21.82 30 0.5236
1.664 17.98 0.1079
17.47 30 -0.5236
6.163 23.91 0.1109
24.86 30 -0.5236
2.283 13.85 -0.003466
11.45 30 -0.3709
22.29 30 0.5236
13.54 30 0.5236
12.86 30 0.5236
7.089 30 0.4242
29.55 30 0.5236
27.44 30 -0.2952
2.662 12.02 -0.08558
15.68 26.79 -0.07253
28.47 30 0.5236
11.11 30 -0.492
1.382 19.3 0.1648
3.977 18.47 -0.3191
10.42 30 -0.5236
6.686 28.46 0.3297
20.1 30 0.5226
22.63 30 0.5236
13.77 30 0.5236
6.747 29.73 0.3589
28.26 30 0.482
26.77 30 -0.5236
12.95 30 0.5236
6.862 30 0.385
22.39 30 0.5236
27.33 30 -0.3831
25.83 30 -0.5236
15.8 27.46 -0.2336
2.863 11.74 -0.1267
28.68 30 0.5236
3.242 12.44 -0.2043
12.46 30 0.2945
10.55 30 -0.5236
29.01 30 0.5236
28.13 30 0.2863
3.794 16.75 -0.3042
23.74 30 -0.08161
11.95 30 -0.04487
12.36 30 0.228
19.32 30 -0.3251
6.299 24.2 0.1897
7.574 30 0.4458
19.56 30 -0.05737
19.16 30 -0.4915
27.24 30 -0.4691
9.157 30 -0.04717
1.592 18.49 0.1238
2.074 15.23 0.03593
0 15.81 0.1893
7.211 30 0.4369
24.96 30 -0.5236
0.3195 16.72 0.2053
16.05 29.09 -0.3919
0.601 17.46 0.2094
22.77 30 0.5236
14.26 30 0.5236
16.23 28.43 -0.5236
5.892 25.29 0.03024
16.97 29.56 -0.5236
4.341 21.37 -0.325
3.924 17.59 -0.3126
7.49 30 0.4478
23.11 30 0.4701
15.29 29 0.2389
21.34 30 0.5236
9.745 30 -0.3653
25.05 30 -0.5236
13.01 30 0.5236
5.699 27.73 -0.04866
2.939 11.76 -0.1469
14.51 28.07 0.5236
7.351 30 0.4448
11.79 30 -0.1651
8.876 30 0.106
23.86 30 -0.1721
20.45 30 0.5236
17.04 30 -0.5236
18.5 30 -0.5236
25.39 30 -0.5236
22.1 30 0.5236
14.6 26.9 0.5236
11.73 30 -0.2204
6.033 24.4 0.07059
19.63 30 0.0389
6.382 24.94 0.2274
10.02 30 -0.4797
0.927 18.53 0.2045
11.67 30 -0.273
24.72 30 -0.5236
0.1312 16.08 0.1958
21.6 30 0.5236
22.53 30 0.5236
20.53 30 0.5236
4.972 28.18 -0.2615
19.98 30 0.4288
10.29 30 -0.5236
5.256 30 -0.1864
1.525 18.88 0.1387
13.28 30 0.5236
17.29 30 -0.5236
16.77 27.08 -0.5236
9.645 30 -0.319
26.16 30 -0.5236
17.23 30 -0.5236
24.49 30 -0.5236
24.08 30 -0.3483
19.89 30 0.3338
9.309 30 -0.1598
4.765 25.89 -0.2951
18.61 30 -0.5236
22.19 30 0.5236
25.54 30 -0.5236
1.452 19.15 0.1524
24.38 30 -0.5236
14.36 29.39 0.5236
29.9 30 0.5236
11.35 30 -0.4155
24.33 30 -0.5141
24.21 30 -0.4323
18.81 30 -0.5236
8.638 30 0.1935
18.67 30 -0.5236
6.5 25.96 0.2635
9.898 30 -0.4458
18.01 30 -0.5236
0.4634 17.08 0.2081
1.078 19.08 0.1933
23.22 30 0.3994
9.019 30 0.006733
21.95 30 0.5236
16.32 27.34 -0.5236
24 30 -0.2615
1.981 15.97 0.05492
26.28 30 -0.5236
15.91 28.39 -0.3131
28.56 30 0.5236
14.75 26.14 0.5236
9.524 30 -0.2689
15.06 27.3 0.3739
29.1 30 0.5236
16.88 28.26 -0.5236
12.21 30 0.08907
5.753 26.45 -0.009655
25.89 30 -0.5236
0.8183 18.19 0.2077
20.97 30 0.5236
15.47 28.38 0.08813
1.839 16.69 0.07331
1.248 19.33 0.1758
29.77 30 0.5236
14.83 25.97 0.4933
17.74 30 -0.5236
7.816 30 0.4103
18.42 30 -0.5236
21.72 30 0.5236
1.175 19.25 0.1853
25.98 30 -0.5236
29.44 30 0.5236
8.945 30 0.05786
8.769 30 0.1512
16.57 26.01 -0.5236
6.223 23.84 0.1508
2.525 12.74 -0.04421
15.4 29.04 0.1653
21.43 30 0.5236
12.27 30 0.159
4.523 23.55 -0.316
3.466 13.9 -0.2545
10.13 30 -0.5236
3.049 11.89 -0.1666
22.89 30 0.5236
8.139 30 0.3362
23.03 30 0.5236
4.12 19.39 -0.3234
20.34 30 0.5236
27.13 30 -0.5236
26.85 30 -0.5236
6.961 30 0.4069
27.93 30 0.08424
29.98 30 0.5236
17.13 30 -0.5236
26.35 30 -0.5236
18.14 30 -0.5236
12.55 30 0.3573
25.73 30 -0.5236
25.26 30 -0.5236
28.2 30 0.3849
14.95 26.41 0.4354
23.42 30 0.2509
18.95 30 -0.5236
